230803195106200341
420500195906070020
230802195305091313
230804195201170028
230811195804140067
230811194902240024
230802195601160029
230803195104120012
230802194708181327
239004195903221277
230811196003090025
23080419490812002X
23080419721107002X
230227199103161320
23083019681021162X
152123195411280623
430503196206010524
622701196912010340
420221197211237669
420700196802193654
142401196611017222
32082119600202010X
230811195206290022
230802196706290545
230805196207070029
230805195809050426
230721196509260623